%YAML:1.0
---
left_mat: !!opencv-matrix
   rows: 3
   cols: 3
   dt: d
   data: [ 4.2536795359345155e+02, 0., 4.2103435187077923e+02, 0.,
       4.2572322786369170e+02, 2.4073705920408253e+02, 0., 0., 1. ]
left_dist: !!opencv-matrix
   rows: 1
   cols: 5
   dt: d
   data: [ -6.5253501626954232e-03, -2.2352770433807126e-03,
       1.4635069472986881e-03, -1.3579154735752933e-03,
       2.2905597839549922e-03 ]
right_mat: !!opencv-matrix
   rows: 3
   cols: 3
   dt: d
   data: [ 4.2679617789261363e+02, 0., 4.2054347552615957e+02, 0.,
       4.2711675656235093e+02, 2.3897019157703716e+02, 0., 0., 1. ]
right_dist: !!opencv-matrix
   rows: 1
   cols: 5
   dt: d
   data: [ 1.6955133689013446e-03, -1.5765494004175342e-02,
       5.1028882925648175e-04, -2.0710968331326303e-03,
       1.2304377210223186e-02 ]
R: !!opencv-matrix
   rows: 3
   cols: 3
   dt: d
   data: [ 9.9999828586362238e-01, -1.0216188201097080e-04,
       1.8487381553005584e-03, 9.4722781139910505e-05,
       9.9999190112244840e-01, 4.0235204866018509e-03,
       -1.8491342330218367e-03, -4.0233384721193475e-03,
       9.9999019667701095e-01 ]
T: !!opencv-matrix
   rows: 3
   cols: 1
   dt: d
   data: [ -5.0185067937338949e-02, -2.3489008131490193e-05,
       3.4091463631410641e-03 ]
E: !!opencv-matrix
   rows: 3
   cols: 3
   dt: d
   data: [ -2.7948949579406606e-07, -3.4090242486520261e-03,
       -3.7205548095079055e-05, 3.3163415922898062e-03,
       -2.0225979936672829e-04, 5.0190878575867272e-02,
       1.8735298661406783e-05, -5.0184663894300083e-02,
       -2.0187722394182609e-04 ]
F: !!opencv-matrix
   rows: 3
   cols: 3
   dt: d
   data: [ 1.0824433863495789e-07, 1.3191895823403397e-03,
       -3.1149407686272840e-01, -1.2834320205376731e-03,
       7.8209697532927980e-05, -7.7408012107674855e+00,
       3.0355961957490718e-01, 7.7148947458005805e+00, 1. ]
CalibError: 3.4313986740010255e-01
