%YAML:1.0
---
left_mat: !!opencv-matrix
   rows: 3
   cols: 3
   dt: d
   data: [ 4.0926003244400897e+02, 0., 4.4236258307531961e+02, 0.,
       4.0934285207023561e+02, 2.1590632795558273e+02, 0., 0., 1. ]
left_dist: !!opencv-matrix
   rows: 1
   cols: 5
   dt: d
   data: [ 6.2068695624053469e-02, -1.4294223191374084e-01,
       -1.1593825886074750e-02, 8.2051467363027167e-03,
       9.2594170290456732e-02 ]
right_mat: !!opencv-matrix
   rows: 3
   cols: 3
   dt: d
   data: [ 4.0299529376956355e+02, 0., 4.3632241426329807e+02, 0.,
       4.0317396257401043e+02, 2.2111343332601191e+02, 0., 0., 1. ]
right_dist: !!opencv-matrix
   rows: 1
   cols: 5
   dt: d
   data: [ 2.9367253098857432e-02, -8.6459335102427162e-02,
       -8.2301827880262857e-03, 3.6792296587489239e-03,
       4.8058678553854817e-02 ]
R: !!opencv-matrix
   rows: 3
   cols: 3
   dt: d
   data: [ 9.9996106759487891e-01, -1.9167301573205146e-04,
       8.8219360667078882e-03, 3.2035781049829810e-04,
       9.9989354091733462e-01, -1.4587810071016376e-02,
       -8.8182008019376604e-03, 1.4590068308607547e-02,
       9.9985467406086936e-01 ]
T: !!opencv-matrix
   rows: 3
   cols: 1
   dt: d
   data: [ -4.6660921309972667e-02, 8.4415174360265440e-04,
       -1.2319319164702086e-02 ]
E: !!opencv-matrix
   rows: 3
   cols: 3
   dt: d
   data: [ -3.4973094679603186e-06, 1.2330323892886743e-02,
       6.6431717827884046e-04, -1.2730304917692302e-02,
       6.8314731031112689e-04, 4.6545460021706224e-02,
       -8.5906706933168507e-04, -4.6655792029983253e-02,
       6.7323360509585935e-04 ]
F: !!opencv-matrix
   rows: 3
   cols: 3
   dt: d
   data: [ 6.1015012764268879e-08, -2.1507466287301599e-04,
       4.1665724160832800e-02, 2.2199794087240075e-04,
       -1.1910681901677930e-05, -4.2782217972444020e-01,
       -4.3073449942311853e-02, 4.2443507682963144e-01, 1. ]
CalibError: 3.2130328312938681e+00
